   13.00000000000000        -13.00000000000000        13.00000000000000        -13.00000000000000        2.7346007681000000        12.145874773999999       -32.018959101999997        34.354406142999999       -10.831255498000001        4.8092503347999997       -30.972073964000000        33.162109614999999       -22.312799506000001       -13.494753783000000       -63.072654950999997        68.250570459000002        30.409454235999998       -3.4603713263000002        14.863882572000000        34.024333143000000     
   13.00000000000000        -13.00000000000000        13.00000000000000        -13.00000000000000        47.656005403000002       -4.3651121965000002       -33.381574241000003        58.348005264000001       -26.195300904000000       0.17085063841000001        33.645839015999996        42.641254983000003       -15.659900101000000       -4.0711370689999997       -3.6470565896000000        16.586705941999998       -5.8008043969000003        8.2653986270999997       -4.5214813804000000        11.064407080000001     
   13.00000000000000        -13.00000000000000        13.00000000000000        -13.00000000000000        -11.292342594000001       -5.2731408404000000       -23.810606779000000        26.875252088000000       -8.2411420830999997       -11.146139459000000       -65.363086697000000        66.816892432000003        21.128535601999999        52.068197458000000       -84.272427980000003        101.28852593000001       -1.5950509244000000       -35.648917159000000       -97.824732793999999        104.13010608000000     
   13.00000000000000        -13.00000000000000        13.00000000000000        -13.00000000000000        -35.875494883000002        14.502817314000000        61.632777666000003        72.773575492999996        36.326173040000000       -35.108561358000003        155.71011454999999        163.70049745000000        5.4409674584000003        15.192206646000001        20.932174164999999        26.430557106999998       -5.8916456150999998        5.4135373978999999        2.9811837612000001        8.5391156373000001     
   13.00000000000000        -13.00000000000000        13.00000000000000        -13.00000000000000        5.6241610191999998       0.54766721106000005       -1.5622980177000001        5.8637075025999996       -12.481557139000000        1.5211942716000000        5.7477390656000003        13.825735750000000       -2.1158743411000001       -36.602595682000000       -17.400538177000001        40.583455098000002        8.9732704607000002        34.533734199000001       -118.35257910999999        123.61408709000000     
   13.00000000000000        -13.00000000000000        13.00000000000000        -13.00000000000000        -0.46531552826000000       -31.517461578999999       -67.552341963999993        74.544597199999998        24.577066296999998        51.126512363000003       -52.734520594000003        77.452522750000000       -7.6440250210000000      -4.31719644259999993E-002  -24.361442848999999        25.532803294000001       -16.467725747999999       -19.565878819000002       -22.344354970000001        33.960137930999998     
   13.00000000000000        -13.00000000000000        13.00000000000000        -13.00000000000000        9.5714019916000002       -1.7780308644000000        21.258660715000001        23.381936388000000       -33.247129231000002        33.423865374999998        4.0733974772000003        47.319447478999997        29.944796143000001       -26.755159111000001       -21.190799600999998        45.404741016999999       -6.2690689038000000       -4.8906754003000001       -1.7856972815000001        8.1498349436000002     
   13.00000000000000        -13.00000000000000        13.00000000000000        -13.00000000000000        7.2480833620000000       -24.098335003999999       -61.826232191999999        66.751468998999997       -5.3580810940000001       -2.1056017719000000       -9.9627244131000001        11.506938498000000        10.333062395000001        17.462832172999999       -25.995703247000002        32.977423145000003       -12.223064663000001        8.7411046037000002        28.117063552000001        31.880882144000001     
   13.00000000000000        -13.00000000000000        13.00000000000000        -13.00000000000000        19.783413615000001      -0.89958380909000002       -7.4337913224000003        21.153371427000000       -23.439878527000001       -31.764350587999999       -4.2684888706999997        39.706838640999997       -1.6636262789000000        40.861640155000003        35.122958793000002        53.908020618000002        5.3200911916000004       -8.1977057580999997       -4.2306518613000001        10.649663337000000     
   13.00000000000000        -13.00000000000000        13.00000000000000        -13.00000000000000        -17.219352846000000        15.983791305000000       -48.770427032000001        54.134586114999998        15.487384124000000       -25.281132364000001        27.310782677999999        40.309859031999999       -9.5721083055000005       -3.9062153046999999       -4.2390775621000003        11.174288256000001        11.304077028000000        13.203556364000001        3.2233864637999998        17.678162870000001     
   11.00000000000000        -11.00000000000000        13.00000000000000        -13.00000000000000        8.6394505145000000        8.4375424780999992        9.3232060364000002        15.256290484000001        10.740685492000001       0.10512935225000000        22.059622477000001        24.535694836000001       -40.605831017000000       -34.322569567000002        80.270620613000006        96.282168608999996        21.225695010999999        25.779897736999999        140.32608132999999        144.24476946999999     
   11.00000000000000        -11.00000000000000        13.00000000000000        -13.00000000000000        -17.735413493999999       -45.217160679000003        24.676540627000001        54.479979526999998        20.266509221000000        37.597749264999997        44.940911603000004        62.000061948999999       -11.752354925000001        7.1594909418999997      -0.50155976611999997        13.770943433999999        9.2212591979000003       0.45992047232000000       -1.8459896800000000        9.4160495947000005     
   11.00000000000000        -11.00000000000000        13.00000000000000        -13.00000000000000        8.1678193966000006        13.641060191999999       -14.809690971000000        21.728293622999999      -9.83193120630000000E-002   11.054866525000000       -33.501283075000003        35.278261131999997       -4.1037889147000000       -59.037442380000002       -116.30878558000001        130.49906304000001       -3.9657111698000000        34.341515663000003       -61.650389564999998        70.681314791999995     
   11.00000000000000        -11.00000000000000        13.00000000000000        -13.00000000000000        5.7547221311000003        7.9731941373000002       0.87466241069999995        9.8718633576000006      -0.63141940397999996        9.5613370659000001        13.546516641000000        16.592949416000000        18.773462689999999        35.986932557000003        23.866916246999999        47.086548731000001       -23.896765417000001       -53.521463760000003        13.474393804000000        60.142937514000003     
   11.00000000000000        -11.00000000000000        13.00000000000000        -13.00000000000000        40.320345627000002       -2.0598905098000002       -80.822107474999996        90.344819869999995       -48.580214888000000       -4.0400379138000000       -50.080309634000002        69.888458262000000        13.530193613000000        11.693655267000000       -13.746179633000001        22.556070828999999       -5.2703243526000003       -5.5937268430999998       -5.4496693043000004        9.4221100788999994     
   11.00000000000000        -11.00000000000000        13.00000000000000        -13.00000000000000        4.4786793239999998        18.692511902000000        12.824643012999999        23.107142583000002       -5.7399360829999999       -4.1736416281000004        18.234939105999999        19.567298105999999       -8.0509951611999995        33.802255404000000       -2.8957114220000002        34.868428444000003        9.3122519202999996       -48.321125678000001        44.420808514000001        66.293805258000006     
   11.00000000000000        -11.00000000000000        13.00000000000000        -13.00000000000000        4.2649549437000003        7.0941702540999998        2.4118379624999999        8.6217199492999992       -11.548858127999999       -9.3614463948999997        42.337731998000002        44.871999662000000        30.236137961000001        38.708489503999999        52.955029814000000        72.227540074000004       -22.952234777000001       -36.441213363000003        32.145305204000003        53.741035748000002     
   11.00000000000000        -11.00000000000000        13.00000000000000        -13.00000000000000        5.2844692911999998        13.044769125000000       -21.551882665000001        25.740537366000002        11.617695593000001       -10.421300888999999       -7.0643020472000000        17.131220819999999       -25.266528001000001       -39.694373225000000        6.7579391484000002        47.536529201999997        8.3643631168999999        37.070904988999999       -29.452038678000001        48.079603923000001     
   11.00000000000000        -11.00000000000000        13.00000000000000        -13.00000000000000        37.980325571999998        34.931399007000003        140.38157799000001        149.56502000000000       -29.456110142000000       -27.584048835000001        95.337773358000007        103.52696849000000        8.5036566610000008       -1.8943626443999999        5.8973417709999998        10.520959577999999       -17.027872090999999       -5.4529875271000003        23.229789680000000        29.314122766000001     
   11.00000000000000        -11.00000000000000        13.00000000000000        -13.00000000000000        -9.2636002368000003        58.320859558999999       -94.319366443999996        111.28018618000000        11.865581833000000       -30.829765723000001       -81.698065795000005        88.124006046000005       -9.1648561107000006       -22.558127406000001       -72.588641484999997        76.563605820999996        6.5628745142999998       -4.9329664306999996       -8.4423251908000001        11.776650558000000     
   11.00000000000000        -11.00000000000000        11.00000000000000        -11.00000000000000        -24.255593530999999       -23.989828533000001       -40.723287214000003        53.124681762000002        29.083003821999998        37.463801539999999        7.1148906950999997        47.958098450000001       -11.536465527000001       -6.5005196903000000       -25.232229715999999        28.495827937000001        6.7090552370000003       -6.9734533171999997       -5.9321710277999999        11.350380025000000     
   11.00000000000000        -11.00000000000000        11.00000000000000        -11.00000000000000        -35.903779249000003        23.817010004000000        8.2832447657999992        43.874177758999998        4.6854338590999998       -5.3075621845000001        11.549111802000001        13.546419840000000       -1.8979118202000000        7.6311405810000004        7.7313318460999998        11.027686440000000        33.116257210000001       -26.140588400999999       -36.316393097999999        55.667739863000001     
   11.00000000000000        -11.00000000000000        11.00000000000000        -11.00000000000000        -7.8370264677000003       -6.5765719844000001       -14.218471513000001        17.516712458000001        16.614979388999998        5.4910747997999998       -26.405180052999999        31.677168063000000        30.020014587999999       -23.874730597999999       -33.323394348000001        50.809966031000002       -38.797967509999999        24.960227782000000        4.2890453514000004        46.332398644000001     
   11.00000000000000        -11.00000000000000        11.00000000000000        -11.00000000000000        3.7552793709999999        10.644752271000000        10.592989217000000        15.479802805000000       -4.8368737682000003       -23.381653672999999       -54.668546992000003        59.655235368000000        10.167481472000000        9.0784298731999993        32.890804197000001        35.603378622999998       -9.0858870748000005        3.6584715284999998       -5.0400822409000003        11.015452198000000     
   11.00000000000000        -11.00000000000000        11.00000000000000        -11.00000000000000        -24.939562903999999        28.481103597000001        96.058558434999995        103.24922135000000        13.722749200999999        12.032984162000000       -3.3669832624999998        18.559179131000000        10.326954262999999       -3.3541571565999999        12.362986448999999        16.454172381999999       0.88985944004999995       -37.159930602000003        73.678342434000001        82.523635622000000     
   11.00000000000000        -11.00000000000000        11.00000000000000        -11.00000000000000        -18.675356106999999        8.3976940007999996        72.251035279999996        75.096619695000001        12.374195408000000       -3.7054842950000002        28.134683151000001        30.958225434999999        15.315198529000000       0.69179301242000002       -9.8965376453000005        18.247611931000002       -9.0140378297999995       -5.3840027182999997       -19.479983572999998        22.129395011000000     
   11.00000000000000        -11.00000000000000        11.00000000000000        -11.00000000000000        -7.2987726053999999      -0.56925400343999999       -18.500918005999999        19.896735887999998        32.666373849000003       -40.424525103000001       -59.341326033000001        78.883630658000001       -14.475555572999999        22.585837886000000       -132.17684885000000        134.87172111000001       -10.892045671000000        18.407941220000001       -45.238042606000000        50.039678834999997     
   11.00000000000000        -11.00000000000000        11.00000000000000        -11.00000000000000        -0.14000733802000001        7.4581820377000003       -10.510881041999999        12.888859604000000       -11.923301366000000        21.999899086999999       -103.28307699000000        106.27113752000000       -9.2372168758999997       -25.277645017000001        6.8282176136999997        27.765267318999999        21.300525579999999       -4.1804361072000003       -45.615768308000000        50.517192664000000     
   11.00000000000000        -11.00000000000000        11.00000000000000        -11.00000000000000        32.281353963999997        9.9350843456000000        22.590213852000002        40.633846444000000        7.8450848614000002       -4.5681660810000002       -4.1017699979000000        9.9618279046999998       -9.7463255669999995       -4.7306939906999999       -2.4332109312000001        11.103640996999999       -30.380113259000002      -0.63622427384000002        121.38765506999999        125.13320449000000     
   11.00000000000000        -11.00000000000000        11.00000000000000        -11.00000000000000        26.910329753999999       -35.705367172000003       -148.61975416000001        155.19945367000000       -13.599748635999999        4.0452645661000002       -58.175888829000002        59.881143690000002       7.79633046170000038E-002   9.2229648507000004       -22.321039245000001        24.151562105000000       -13.388544423000001        22.437137754999998       -5.1810560552000000        26.636846933000001