MH ggF VBF WH ZH ttH Total
[GeV] sigma[pb] error [%] sigma[pb] error [%] sigma[pb] error [%] sigma[pb] error [%] sigma[pb] error [%] sigma[pb]
90 29.47 +22.9 -15.6 1.710 +2.7 -2.3 1.640 +3.3 -3.8 0.8597 +3.9 -4.0 0.2162 +12.5 -18.1 33.90
95 26.58 +21.9 -15.9 1.628 +2.5 -2.5 1.392 +3.3 -4.1 0.7348 +4.6 -4.7 0.1880 +12.4 -18.0 30.52
100 24.02 +21.2 -15.6 1.546 +2.6 -2.4 1.186 +4.0 -3.9 0.6313 +4.5 -4.6 0.1638 +12.3 -18.0 27.55
105 21.78 +20.8 -15.5 1.472 +2.5 -2.4 1.018 +3.8 -4.3 0.5449 +5.0 -5.3 0.1433 +12.1 -17.9 24.96
110 19.84 +20.4 -15.3 1.398 +2.8 -2.3 0.8754 +4.1 -4.5 0.4721 +5.3 -5.3 0.1257 +12.1 -18.0 22.71
115 18.13 +20.0 -15.3 1.332 +2.5 -2.3 0.7546 +4.3 -4.7 0.4107 +5.5 -5.4 0.1106 +11.9 -17.8 20.74
120 16.63 +19.7 -15.1 1.269 +2.8 -2.5 0.6561 +3.8 -4.1 0.3598 +5.0 -4.7 0.09756 +11.8 -17.8 19.01
125 15.31 +19.5 -15.1 1.211 +2.7 -2.4 0.5729 +3.7 -4.3 0.3158 +4.9 -5.1 0.08634 +11.8 -17.8 17.50
130 14.12 +19.2 -15.1 1.154 +2.8 -2.3 0.5008 +3.8 -4.3 0.2778 +5.2 -5.1 0.07658 +11.6 -17.7 16.13
135 13.08 +18.9 -15.0 1.100 +3.0 -2.2 0.4390 +4.1 -3.8 0.2453 +5.3 -5.0 0.06810 +11.5 -17.6 14.93
140 12.13 +18.8 -14.9 1.052 +2.8 -2.2 0.3857 +4.0 -4.0 0.2172 +5.2 -5.3 0.06072 +11.4 -17.6 13.85
145 11.27 +18.7 -14.9 1.004 +3.1 -2.1 0.3406 +4.0 -4.6 0.1930 +5.8 -5.8 0.05435 +11.4 -17.6 12.86
150 10.50 +18.7 -14.9 0.9617 +2.9 -2.2 0.3001 +3.7 -4.1 0.1713 +5.4 -5.2 0.04869 +11.3 -17.5 11.98
155 9.795 +18.5 -15.0 0.9180 +3.1 -2.1 0.2646 +4.0 -4.3 0.1525 +5.7 -5.2 0.04374 +11.4 -17.7 11.17
160 9.080 +18.6 -15.0 0.8787 +2.9 -2.3 0.2291 +4.3 -4.5 0.1334 +6.0 -5.7 0.03942 +11.4 -17.7 10.36
165 8.319 +18.1 -14.7 0.8517 +3.1 -2.1 0.2107 +4.1 -4.3 0.1233 +6.2 -5.8 0.03559 +11.3 -17.7 9.540
170 7.729 +17.9 -14.9 0.8173 +3.1 -2.2 0.1883 +4.3 -4.5 0.1106 +6.4 -6.1 0.03219 +11.3 -17.6 8.877
175 7.211 +17.9 -14.8 0.7814 +3.2 -2.1 0.1689 +4.1 -4.9 0.09950 +6.2 -6.0 0.02918 +11.2 -17.6 8.290
180 6.739 +18.1 -14.7 0.7480 +3.1 -2.4 0.1521 +4.1 -4.1 0.08917 +6.0 -5.7 0.02652 +11.2 -17.6 7.755
185 6.295 +17.4 -15.0 0.7193 +3.4 -2.2 0.1387 +3.9 -4.4 0.08139 +6.1 -5.8 0.02414 +11.3 -17.7 7.259
190 5.896 +17.3 -15.0 0.6925 +3.3 -2.2 0.1253 +4.2 -4.4 0.07366 +6.1 -6.0 0.02206 +11.3 -17.7 6.810
195 5.551 +17.2 -15.1 0.6643 +3.4 -2.5 0.1138 +4.4 -4.3 0.06699 +6.3 -5.9 0.02016 +11.3 -17.7 6.416
200 5.249 +17.2 -15.2 0.6371 +3.4 -2.3 0.1032 +4.2 -4.8 0.06096 +6.4 -6.0 0.01849 +11.3 -17.8 6.069
210 4.723 +16.9 -15.3 0.5869 +3.5 -2.4 0.08557 +4.2 -4.4 0.05068 +6.3 -6.2 0.01562 +11.7 -18.1 5.462
220 4.288 +16.8 -15.3 0.5420 +3.5 -2.5 0.07142 +4.0 -4.6 0.04235 +6.4 -6.1 0.01330 +11.8 -18.2 4.957
230 3.908 +16.6 -15.5 0.5011 +3.8 -2.4 0.06006 +5.2 -5.2 0.03560 +6.9 -6.7 0.01143 +12.2 -18.4 4.516
240 3.581 +16.7 -15.4 0.4641 +3.8 -2.5 0.05075 +4.5 -4.7 0.02999 +6.3 -6.2 0.009873 +12.3 -18.6 4.136
250 3.312 +16.5 -15.6 0.4304 +4.0 -2.6 0.04308 +4.5 -4.7 0.02540 +6.2 -5.8 0.008593 +12.6 -18.8 3.819
260 3.072 +16.2 -15.9 0.3988 +4.3 -2.4 0.03674 +4.8 -4.7 0.02158 +6.3 -6.2 0.007524 +12.9 -18.9 3.537
270 2.864 +16.2 -15.8 0.3715 +4.2 -2.6 0.03146 +4.4 -4.7 0.01839 +6.0 -6.0 0.006636 +13.6 -19.4 3.292
280 2.696 +16.0 -16.2 0.3461 +4.3 -2.7 0.02700 +4.8 -5.4 0.01575 +6.5 -6.2 0.005889 +14.2 -19.9 3.091
290 2.546 +16.1 -16.1 0.3226 +4.5 -2.6 0.02333 +4.9 -5.0 0.01355 +6.0 -5.8 0.005256 +14.9 -20.3 2.911
300 2.418 +16.1 -16.1 0.3010 +4.6 -2.7 0.02018 +5.1 -5.4 0.01169 +6.4 -6.2 0.004719 +15.6 -20.9 2.756

MH ggF VBF Total
[GeV] [pb] error [%] [pb] error [%] [pb]
320 2.248 +16.3 16.2 0.2622 +4.9 2.7 2.510
340 2.199 +17.6 15.7 0.2286 +5.1 2.9 2.428
360 2.359 +19.1 14.8 0.2018 +5.3 3.0 2.561
380 2.263 +16.9 15.8 0.1807 +5.7 3.0 2.444
400 2.035 +15.3 16.6 0.1619 +5.9 3.0 2.197
450 1.356 +16.4 17.4 0.1235 +6.6 3.2 1.479
500 0.8497 +17.6 17.5 0.09491 +7.2 3.4 0.9446
550 0.5259 +18.4 17.6 0.07356 +7.9 3.5 0.5995
600 0.3275 +19.3 17.8 0.05763 +8.6 3.8 0.3851
650 0.2064 +19.8 17.9 0.04556 +9.3 3.8 0.2520
700 0.1320 +20.5 18.2 0.03635 +9.9 4.0 0.1683
750 0.08587 +21.4 18.5 0.02924 +10.7 4.2 0.1151
800 0.05665 +22.1 19.0 0.02371 +11.3 4.3 0.08036
850 0.03786 +23.1 19.6 0.01937 +11.9 4.5 0.05723
900 0.02561 +24.3 20.4 0.01595 +12.6 4.6 0.04156
950 0.01752 +25.5 21.4 0.01321 +13.4 4.8 0.03073
1000 0.01210 +27.1 22.6 0.01103 +14.2 4.9 0.02313
