115 2.11929515625123171000
120 3.62612202296868160000
125 5.63736630150586592000
130 7.97913285211497249000
135 10.32544094116628060000
140 12.24391182206317095000
145 13.36735691280164274000
150 13.22134477449819144000
155 11.26892321056434162000
160 6.14468247069962134000
165 2.82503358095847298000
170 2.85809661016289173000
175 3.72687459047491233000
180 6.57046775797465235000
185 16.92292426027481067000
190 22.62796357182414349000
195 24.24984140773497564000
200 24.62299973314654520000
205 24.40367481861097669000
215 23.35002987817665429000
225 22.02750147516795294000
230 21.35486972664694833000
240 20.07255817736237841000
250 18.92355598991354638000
275 16.58063601342546940000
300 14.91425439999092372000
350 15.02673770601979513000
400 11.21570894250824903000
450 7.46102803613498730000
500 4.95981769090008529000
550 3.35954032613783142000
600 2.31479535165028830000
