115 2.97860865015380580000
120 5.0833481241957300000
125 7.8894830661540080000
130 11.1291142853999745000
135 14.3304525873451427000
140 16.9325183496612024000
145 18.3747837954352137000
150 18.0899555625140808000
155 15.2519157222518584000
160 8.1869905793446400000
165 3.9952310741130490000
170 3.9705645143738358000
175 5.0967299306124773000
180 8.9037041096517659000
185 20.864685111417792000
190 27.497567851849557000
195 29.728166697529760000
200 30.299405453542700000
205 30.165511202993880000
215 28.957890765273280000
225 27.360262246436889000
230 26.563147392077856000
240 24.996245646558138000
250 23.5713368965111674000
275 20.6291284471301820000
300 18.5893906633065530000
350 18.3014342400050685000
400 14.1807999028427928000
450 9.6197249456284600000
500 6.4493092374178848000
550 4.3565480167482862000
600 2.9845948191357396000
