115 1.72375733936972772000
120 2.9173421324175336000
125 4.4952821729056010000
130 6.2918316812042328000
135 8.0444783435960215000
140 9.4417980671510244000
145 10.1751294994647072000
150 9.9512726971886132000
155 8.3364102171517049000
160 4.4467742529070656000
165 2.15600511666765880000
170 2.12946188135636898000
175 2.71713285980385931000
180 4.71846299391995307000
185 10.9932960890461104000
190 14.4044017000194465000
195 15.4823006775113803000
200 15.6910814289954951000
205 15.5246325745134204000
225 13.7806389206190936000
250 11.578088126928219000
275 9.8980104410246220000
300 8.7286781066862131000
325 8.0835044859741690000
350 8.3696777195949695000
375 7.3723013116303716000
400 6.0268406379602616000
425 4.8294694511125745000
450 3.846836627586656000
475 3.0634335880434660000
500 2.44420073256983656000
525 1.95673401763644321000
550 1.57197333523975644000
575 1.26816180797176220000
600 1.02736805307423504000
